DATE	PET	P	T	Q
01/01/1990	3.117966667	0.400666667	8.425333333	9.468133333
02/01/1990	2.944133333	2.107666667	5.757333333	7.715333333
03/01/1990	2.750433333	2.063	8.717	6.82552
04/01/1990	2.938	0.233666667	10.81966667	5.91156
05/01/1990	2.924933333	26.91166667	13.15866667	5.219066667
06/01/1990	2.662	12.67733333	17.34666667	4.792066667
07/01/1990	3.431566667	3.916333333	17.52533333	4.533533333
08/01/1990	2.709933333	17.62133333	15.573	4.2088
09/01/1990	3.4839	6.389666667	13.877	3.813706667
10/01/1990	5.002566667	0.232666667	15.914	3.515066667
11/01/1990	5.581933333	-0.258	14.22233333	3.520906667
12/01/1990	6.3037	18.05966667	12.41333333	3.786573333
13/01/1990	6.534	48.52	14.35666667	5.3564
14/01/1990	6.561766667	23.684	16.39433333	7.07264
15/01/1990	5.6836	6.311	17.02633333	8.591506667
16/01/1990	5.416733333	0.194666667	16.11666667	10.42706667
17/01/1990	4.526333333	14.021	16.28633333	12.00922667
18/01/1990	6.236033333	9.094666667	18.744	11.83026667
19/01/1990	6.3196	6.126333333	19.474	11.20904
20/01/1990	6.913833333	-0.255	19.307	10.66678667
21/01/1990	5.6412	2.026666667	19.113	9.211973333
22/01/1990	5.4065	4.813666667	20.97633333	7.753746667
23/01/1990	6.963533333	1.107	18.98333333	6.772826667
24/01/1990	4.3628	6.735	16.14733333	6.246773333
25/01/1990	3.452766667	8.218	14.45333333	6.024866667
26/01/1990	4.6768	1.953	16.97533333	6.100453333
27/01/1990	4.1266	-0.042	18.64866667	6.14952
28/01/1990	4.101766667	1.143666667	20.588	6.164173333
29/01/1990	5.513233333	0.263666667	17.135	6.0144
30/01/1990	6.103533333	0.088	13.59766667	5.654573333
31/01/1990	3.190533333	-0.053666667	15.18833333	5.2042
01/02/1990	4.9171	-0.192	16.50266667	4.728613333
02/02/1990	4.900533333	0.159666667	16.71233333	4.246173333
03/02/1990	3.1255	0.299	12.97033333	3.87596
04/02/1990	5.8968	3.239333333	13.37166667	3.524173333
05/02/1990	7.001933333	18.58666667	19.963	3.158213333
06/02/1990	7.052366667	1.619666667	18.88366667	2.9104
07/02/1990	6.564633333	1.280333333	19.533	2.843973333
08/02/1990	6.279733333	7.465666667	18.77933333	2.79956
09/02/1990	3.448366667	18.68266667	19.901	2.665026667
10/02/1990	3.935866667	0.126333333	17.64033333	2.69108
11/02/1990	3.7683	-0.320333333	15.159	2.713106667
12/02/1990	4.145933333	0.230666667	14.298	2.879306667
13/02/1990	4.797366667	5.310666667	16.423	3.211506667
14/02/1990	6.127766667	33.64	17.79266667	3.607893333
15/02/1990	6.265666667	2.613	16.20466667	4.0192
16/02/1990	7.291033333	-0.163333333	15.20433333	4.347466667
17/02/1990	7.895666667	22.29733333	18.86	4.42984
18/02/1990	7.675333333	4.015666667	20.93166667	4.376733333
19/02/1990	7.407166667	8.253666667	22.41033333	4.49784
20/02/1990	6.919666667	1.010333333	23.67166667	5.356186667
21/02/1990	6.105966667	29.95733333	24.38866667	6.18052
22/02/1990	7.2655	13.851	23.32	6.83928
23/02/1990	8.264933333	3.919	24.47233333	7.712733333
24/02/1990	8.245166667	16.52433333	24.16766667	9.86716
25/02/1990	6.906966667	27.61733333	23.01333333	10.84241333
26/02/1990	7.086333333	19.96833333	23.67266667	12.01542667
27/02/1990	6.830766667	20.42166667	23.30033333	13.00130667
28/02/1990	6.7179	7.388333333	22.55433333	13.10785333
01/03/1990	6.169466667	1.119666667	18.937	11.37233333
02/03/1990	5.753866667	-0.195333333	18.924	9.696946667
03/03/1990	6.5268	-0.064	19.58566667	7.8052
04/03/1990	6.990333333	0.323	19.32466667	6.092306667
05/03/1990	6.690466667	-0.035333333	8.296333333	4.989653333
06/03/1990	4.850133333	0.281666667	13.14466667	4.155986667
07/03/1990	5.514366667	-0.322	16.16366667	3.5714
08/03/1990	5.292866667	-0.230333333	15.28833333	3.137306667
09/03/1990	6.1561	-0.282	13.856	2.835866667
10/03/1990	6.504166667	0.201	16.307	2.577266667
11/03/1990	5.417533333	0.186666667	20.07433333	2.458346667
12/03/1990	4.629133333	-0.117	20.272	2.3026
13/03/1990	4.644166667	3.818666667	18.93666667	2.120453333
14/03/1990	2.830566667	0.189	19.16733333	1.923373333
15/03/1990	5.311133333	1.529333333	19.46633333	1.738866667
16/03/1990	4.968933333	1.238333333	20.49766667	1.624106667
17/03/1990	4.592533333	0.627333333	18.33533333	1.555093333
18/03/1990	3.892066667	0.07	16.66433333	1.48528
19/03/1990	4.2595	-0.122333333	17.60266667	1.49092
20/03/1990	5.090033333	-0.002	17.37633333	1.420666667
21/03/1990	4.8201	0.2	19.09833333	1.39504
22/03/1990	5.611833333	-0.246	14.701	1.3142
23/03/1990	6.2566	-0.300666667	13.84933333	1.361093333
24/03/1990	5.841466667	5.863333333	15.13033333	1.44792
25/03/1990	5.112333333	21.84033333	17.78666667	1.6762
26/03/1990	5.2884	26.764	19.10133333	1.80832
27/03/1990	4.8103	6.364333333	13.108	2.091826667
28/03/1990	5.180033333	-0.034666667	14.126	2.141186667
29/03/1990	5.032	18.018	13.19433333	2.14088
30/03/1990	4.7292	9.075333333	16.003	2.100186667
31/03/1990	4.666433333	6.378666667	15.70766667	2.06356
01/04/1990	4.259066667	0.682333333	17.804	2.663453333
02/04/1990	4.9632	10.79633333	18.47766667	3.737253333
03/04/1990	5.722233333	41.14566667	16.892	4.429253333
04/04/1990	5.2664	1.262333333	18.65	4.82376
05/04/1990	4.853666667	0.034	17.58466667	5.162253333
06/04/1990	4.916366667	6.043666667	17.94033333	4.690853333
07/04/1990	4.2428	3.5	17.471	3.738293333
08/04/1990	3.4665	0.291666667	14.90366667	3.201253333
09/04/1990	3.5245	0.179333333	15.87466667	2.804
10/04/1990	3.393766667	-0.091333333	14.25966667	2.472053333
11/04/1990	3.0053	0.119666667	10.73866667	2.258133333
12/04/1990	3.7508	12.41766667	11.55066667	2.110053333
13/04/1990	4.038533333	3.328666667	10.84366667	1.93736
14/04/1990	3.989166667	1.811333333	12.89533333	1.933586667
15/04/1990	3.410866667	13.00566667	15.15	1.935346667
16/04/1990	3.153866667	11.63733333	14.254	1.8952
17/04/1990	2.534433333	-0.134333333	15.30533333	1.8252
18/04/1990	2.326666667	0.122333333	16.37033333	1.82236
19/04/1990	2.5298	0.164333333	14.33533333	1.703826667
20/04/1990	1.302433333	0.180666667	15.21366667	1.567746667
21/04/1990	1.693966667	-0.293	15.173	1.49604
22/04/1990	2.503933333	0.327666667	15.87666667	1.4254
23/04/1990	2.519566667	6.306333333	15.33266667	1.303813333
24/04/1990	2.2792	5.836333333	15.035	1.313213333
25/04/1990	2.439133333	4.364666667	15.60233333	1.344413333
26/04/1990	1.895033333	-0.136	14.98966667	1.242253333
27/04/1990	1.918733333	0.149	13.77566667	1.274186667
28/04/1990	1.7272	0.196666667	11.98333333	1.220813333
29/04/1990	2.1495	-0.274666667	9.719333333	1.16752
30/04/1990	2.2318	0.093666667	8.164666667	1.076133333
01/05/1990	2.1643	-0.170666667	11.02566667	1.12188
02/05/1990	2.7292	0.233333333	13.25433333	1.247426667
03/05/1990	1.899333333	14.60233333	11.883	1.285773333
04/05/1990	2.249933333	12.13633333	10.12233333	1.254346667
05/05/1990	2.141666667	0.057333333	9.778333333	1.26928
06/05/1990	1.386333333	-0.237333333	5.514666667	1.369613333
07/05/1990	1.6445	4.879333333	6.506	1.201933333
08/05/1990	1.4219	21.507	5.828333333	1.185053333
09/05/1990	2.245466667	0.609666667	7.536333333	1.208173333
10/05/1990	2.479866667	-0.125333333	7.890333333	1.142653333
11/05/1990	2.0296	0.112	6.293333333	0.96308
12/05/1990	1.2274	0.002	6.501666667	0.961533333
13/05/1990	1.445333333	0.329333333	7.638	1.043426667
14/05/1990	1.5071	-0.154	6.573666667	1.006226667
15/05/1990	0.974666667	9.766	6.782666667	0.986026667
16/05/1990	1.231766667	0.332333333	5.607333333	1.052306667
17/05/1990	1.101566667	0.057	4.461	1.068053333
18/05/1990	1.0882	0.014	6.137	0.952506667
19/05/1990	1.783466667	-0.201	7.402666667	0.906426667
20/05/1990	0.8031	-0.315333333	12.588	0.9078
21/05/1990	1.585366667	-0.143666667	11.471	0.781773333
22/05/1990	1.154233333	0.161666667	10.77166667	0.658826667
23/05/1990	1.1164	0.102	11.25766667	0.60608
24/05/1990	1.0437	0.719666667	10.44233333	0.579826667
25/05/1990	1.3894	1.746666667	10.87	0.61652
26/05/1990	1.421766667	-0.044333333	10.00533333	0.605413333
27/05/1990	1.3133	1.949333333	10.72733333	0.669053333
28/05/1990	0.8824	-0.113666667	9.902333333	0.696906667
29/05/1990	0.6089	-0.207666667	11.29766667	0.694266667
30/05/1990	1.168466667	0.212333333	11.66733333	0.596813333
31/05/1990	0.7992	-0.032	9.803666667	0.61504
01/06/1990	1.0561	-0.234	10.00766667	0.611253333
02/06/1990	0.8518	-0.126333333	10.78	0.563973333
03/06/1990	0.702366667	6.12	10.353	0.51356
04/06/1990	0.5111	4.596666667	8.655333333	0.552186667
05/06/1990	0.3817	4.289666667	9.248666667	0.543293333
06/06/1990	0.6688	0.129333333	7.441333333	0.55448
07/06/1990	0.607566667	0.213333333	5.647666667	0.544413333
08/06/1990	0.7283	-0.248666667	5.543	0.598173333
09/06/1990	0.4825	-0.323666667	8.117666667	0.556626667
10/06/1990	0.7582	-0.263666667	6.636333333	0.52092
11/06/1990	0.784166667	-0.294666667	5.535666667	0.444146667
12/06/1990	0.6972	-0.185	6.82	0.49964
13/06/1990	0.8182	-0.096666667	5.795666667	0.436853333
14/06/1990	0.7749	-0.055	3.360666667	0.522426667
15/06/1990	0.763666667	0.215	3.196333333	0.544133333
16/06/1990	0.335	-0.061666667	3.568	0.52336
17/06/1990	0.4738	0.183333333	2.48	0.468373333
18/06/1990	0.3509	-0.293	2.853	0.535933333
19/06/1990	0.302166667	-0.209333333	4.302333333	0.48536
20/06/1990	0.681266667	0.102	6.092	0.505133333
21/06/1990	0.395833333	1.132	9.694333333	0.484333333
22/06/1990	0.848466667	-0.255333333	6.306333333	0.444626667
23/06/1990	0.8717	-0.298	2.095333333	0.42976
24/06/1990	0.387833333	0.039666667	1.864666667	0.418653333
25/06/1990	-0.0123	-0.016333333	2.635	0.330533333
26/06/1990	0.2072	0.026666667	6.546333333	0.396933333
27/06/1990	0.107466667	-0.275	4.943333333	0.440013333
28/06/1990	0.025	0.325333333	2.715	0.380906667
29/06/1990	0.556333333	0.071666667	0.274333333	0.396586667
30/06/1990	0.351366667	-0.329333333	0.440333333	0.427666667
01/07/1990	0.3087	0.255333333	4.453	0.31508
02/07/1990	0.8946	-0.120666667	2.449	0.3522
03/07/1990	0.696533333	-0.234666667	2.419333333	0.363453333
04/07/1990	0.2863	-0.114333333	1.290333333	0.245413333
05/07/1990	0.233366667	-0.013333333	1.306666667	0.304186667
06/07/1990	0.873666667	-0.329	2.127333333	0.391293333
07/07/1990	0.618566667	0.182	5.260333333	0.310946667
08/07/1990	0.247866667	0.012333333	2.252666667	0.255666667
09/07/1990	0.379066667	0.137666667	3.636333333	0.28524
10/07/1990	0.0839	-0.292666667	2.815	0.284093333
11/07/1990	0.863333333	-0.293333333	2.927333333	0.24188
12/07/1990	0.637466667	-0.026	2.405333333	0.262133333
13/07/1990	0.612866667	0.079333333	2.003	0.364186667
14/07/1990	0.7786	-0.126	6.636666667	0.336533333
15/07/1990	0.2955	-0.162333333	8.382	0.3262
16/07/1990	0.6795	-0.155333333	7.949	0.305253333
17/07/1990	0.4564	0.086333333	6.867666667	0.332773333
18/07/1990	0.511833333	0.316	6.078333333	0.277626667
19/07/1990	0.887066667	-0.246666667	3.431666667	0.269413333
20/07/1990	0.429366667	-0.288666667	4.622666667	0.2026
21/07/1990	0.0088	-0.195333333	4.491	0.211253333
22/07/1990	0.562	-0.303666667	2.783666667	0.097493333
23/07/1990	-0.328666667	0.021333333	3.489666667	0.132533333
24/07/1990	-0.1417	0.037333333	-0.021666667	0.14684
25/07/1990	0.241166667	-0.284666667	-3.047	0.130546667
26/07/1990	0.397633333	-0.213666667	-3.232	0.1978
27/07/1990	0.377966667	0.005333333	-3.047	0.249733333
28/07/1990	0.2249	-0.092333333	-0.036333333	0.181466667
29/07/1990	0.1338	-0.315	0.579666667	0.1484
30/07/1990	0.337033333	0.209333333	-0.294333333	0.127133333
31/07/1990	0.3343	0.102333333	1.735333333	0.007186667
01/08/1990	0.339933333	0.322	4.142333333	0.04028
02/08/1990	0.034033333	0.22	3.205666667	0.162506667
03/08/1990	-0.059633333	19.31466667	4.468333333	0.408786667
04/08/1990	0.471433333	28.07466667	3.253666667	0.556626667
05/08/1990	0.403566667	12.18766667	1.223666667	0.578426667
06/08/1990	-0.0948	1.522666667	2.153	0.630093333
07/08/1990	0.165433333	0.193	3.036666667	0.491053333
08/08/1990	0.079366667	-0.221666667	3.124666667	0.28976
09/08/1990	0.126333333	5.547	2.822	0.19776
10/08/1990	0.443333333	-0.028	2.315666667	0.254066667
11/08/1990	0.5247	-0.161	-4.775666667	0.197386667
12/08/1990	0.322233333	0.168333333	-9.652333333	0.157133333
13/08/1990	0.0135	0.289333333	-7.209333333	0.178813333
14/08/1990	0.221566667	2.777666667	-3.869333333	0.165533333
15/08/1990	0.304533333	0.075666667	0.091333333	0.201146667
16/08/1990	0.426166667	11.717	0.742666667	0.2354
17/08/1990	0.360033333	7.297333333	0.836333333	0.673826667
18/08/1990	0.265166667	18.66866667	-0.272333333	0.756253333
19/08/1990	0.493	40.408	-2.207666667	0.813853333
20/08/1990	0.430533333	0.685666667	-3.379	0.795186667
21/08/1990	0.559333333	0.217333333	-1.135	0.807146667
22/08/1990	0.108933333	-0.192	-0.031666667	0.545026667
23/08/1990	0.093533333	1.566666667	-0.798333333	1.359173333
24/08/1990	0.2799	19.33266667	0.683333333	1.664146667
25/08/1990	0.493066667	48.621	-0.241333333	1.783213333
26/08/1990	0.617166667	6.640333333	0.041	1.909826667
27/08/1990	0.2301	2.397	-1.361333333	1.91488
28/08/1990	0.143033333	0.296666667	-1.369666667	1.1224
29/08/1990	0.7172	-0.025333333	-2.398	0.842186667
30/08/1990	0.811033333	0.155666667	-4.731333333	0.72744
31/08/1990	0.413333333	-0.245333333	-1.543333333	0.6068
01/09/1990	0.243166667	-0.173333333	2.803666667	0.526226667
02/09/1990	0.306166667	-0.159	3.096666667	0.517866667
03/09/1990	0.210133333	-0.29	3.599666667	0.73548
04/09/1990	-0.2463	8.358666667	6.458333333	1.803973333
05/09/1990	0.2873	35.32366667	7.789	3.58092
06/09/1990	0.2916	56.86166667	5.552333333	4.408826667
07/09/1990	0.219633333	8.683333333	7.678	5.521093333
08/09/1990	0.622766667	16.96666667	6.667	6.037333333
09/09/1990	0.6971	20.01366667	7.646333333	5.588053333
10/09/1990	0.900066667	0.197333333	7.647	4.235133333
11/09/1990	0.4576	0.307333333	5.472333333	3.68188
12/09/1990	0.329666667	0.128	5.031666667	2.79096
13/09/1990	0.2904	-0.148	5.911333333	2.278026667
14/09/1990	0.269466667	0.030666667	6.987666667	1.821146667
15/09/1990	0.8733	0.034666667	6.572333333	1.527893333
16/09/1990	0.982466667	0.286666667	6.388	1.471186667
17/09/1990	-0.128333333	13.932	5.81	1.572813333
18/09/1990	0.543	7.241666667	5.532333333	2.737413333
19/09/1990	0.508866667	39.4	5.578333333	3.713586667
20/09/1990	0.641733333	21.93466667	9.694	4.349546667
21/09/1990	0.7418	0.254333333	8.971	4.728493333
22/09/1990	1.1009	1.328666667	6.801	4.7968
23/09/1990	0.500333333	-0.065666667	5.437666667	3.7242
24/09/1990	0.586133333	-0.181	5.32	2.900533333
25/09/1990	0.599033333	1.98	6.519333333	2.433013333
26/09/1990	0.909833333	3.437333333	8.550333333	2.01372
27/09/1990	1.1256	1.086333333	4.748333333	1.800373333
28/09/1990	0.691333333	0.353	5.051666667	1.609626667
29/09/1990	1.1851	0.316	6.761	1.478386667
30/09/1990	0.5427	-0.094666667	3.771666667	1.56992
01/10/1990	0.363866667	0.222	1.401	1.58524
02/10/1990	0.792033333	30.46466667	1.398333333	1.574706667
03/10/1990	0.549866667	1.132	1.412333333	1.6066
04/10/1990	0.502266667	-0.280666667	2.944666667	1.607026667
05/10/1990	1.199166667	0.320666667	4.298666667	1.381373333
06/10/1990	1.1792	-0.061	4.643	1.364853333
07/10/1990	1.262466667	0.157	5.352666667	1.220013333
08/10/1990	1.262533333	0.180333333	4.681	1.108773333
09/10/1990	1.547466667	-0.073333333	4.768	0.969373333
10/10/1990	1.1208	0.116666667	3.549	0.910906667
11/10/1990	1.191133333	-0.319666667	2.218666667	0.877133333
12/10/1990	0.954	-0.166	3.016	0.87944
13/10/1990	0.8772	0.175666667	2.167666667	0.833546667
14/10/1990	1.1609	5.131	1.261333333	0.926146667
15/10/1990	0.7753	-0.102333333	1.697	0.94044
16/10/1990	0.988533333	0.192666667	1.984333333	1.010733333
17/10/1990	0.680566667	15.28733333	3.663333333	1.035453333
18/10/1990	0.941033333	7.478	6.019333333	1.645266667
19/10/1990	1.4577	13.104	6.171666667	3.200893333
20/10/1990	1.060833333	27.50933333	8.980333333	5.89268
21/10/1990	1.184666667	57.03333333	9.018	7.469706667
22/10/1990	2.619166667	10.44966667	4.95	8.54148
23/10/1990	1.254666667	1.325666667	4.707	8.68896
24/10/1990	1.220433333	-0.224333333	6.002	7.606053333
25/10/1990	1.324133333	-0.181	7.585333333	5.26892
26/10/1990	1.791	-0.276	5.986	3.942426667
27/10/1990	0.8181	4.489	3.732	3.1304
28/10/1990	1.3498	-0.057	4.45	2.699946667
29/10/1990	1.1353	-0.268	2.334333333	2.344653333
30/10/1990	1.437033333	-0.033333333	2.965	2.10528
31/10/1990	1.0468	4.064333333	3.044666667	1.938626667
01/11/1990	1.523266667	-0.262333333	2.576666667	1.80676
02/11/1990	1.538966667	0.107333333	3.701	1.68688
03/11/1990	1.7276	-0.074333333	8.422333333	1.61752
04/11/1990	1.9294	0.123333333	7.725	1.576093333
05/11/1990	2.513166667	0.093333333	8.348	1.462933333
06/11/1990	2.876966667	-0.139666667	6.315	1.3838
07/11/1990	3.098266667	0.125333333	6.082	1.4532
08/11/1990	3.958933333	2.497	5.064	1.791146667
09/11/1990	2.897733333	24.90833333	4.754	1.9926
10/11/1990	3.306233333	22.73033333	5.66	2.045973333
11/11/1990	3.850733333	0.134333333	6.886333333	2.169533333
12/11/1990	3.3642	1.227666667	9.710666667	2.153626667
13/11/1990	3.765366667	3.88	5.647666667	1.884106667
14/11/1990	2.384533333	1.789666667	3.919666667	1.661706667
15/11/1990	3.789566667	0.3	1.777666667	1.617826667
16/11/1990	4.157833333	0.931333333	2.502	1.44996
17/11/1990	4.3423	0.149666667	2.37	1.355253333
18/11/1990	3.3366	0.516333333	2.573333333	1.237346667
19/11/1990	2.540666667	0.068333333	1.841333333	1.250213333
20/11/1990	1.552333333	0.264666667	3.387	1.41484
21/11/1990	1.909833333	6.354333333	4.843333333	1.607733333
22/11/1990	1.9224	27.18466667	7.778333333	1.684386667
23/11/1990	2.464766667	11.15633333	8.622666667	1.890066667
24/11/1990	1.328266667	0.648333333	6.913	1.920733333
25/11/1990	2.102433333	-0.236	5.804666667	1.83824
26/11/1990	3.468366667	0.037	5.855333333	1.805146667
27/11/1990	3.370866667	0.219	9.036	1.752213333
28/11/1990	4.438333333	7.803	10.58966667	1.579573333
29/11/1990	3.0044	1.894666667	8.323666667	1.577386667
30/11/1990	3.6756	0.207666667	4.766666667	1.501946667
01/12/1990	4.095	0.14	2.694333333	1.41664
02/12/1990	2.742133333	-0.214	7.243333333	1.437426667
03/12/1990	3.4578	-0.212333333	8.348666667	1.42152
04/12/1990	5.345866667	0.075333333	9.527666667	1.431106667
05/12/1990	4.285333333	14.02533333	7.905	1.78704
06/12/1990	4.851066667	24.45	8.887666667	2.017
07/12/1990	5.270833333	15.531	10.595	2.17208
08/12/1990	2.361766667	-0.196333333	8.086666667	2.328666667
09/12/1990	2.043333333	13.60666667	8.169666667	2.360333333
10/12/1990	3.075366667	17.80633333	7.705	2.045946667
11/12/1990	3.355266667	1.220333333	9.123333333	1.932373333
12/12/1990	4.4291	2.370333333	10.60833333	1.745533333
13/12/1990	4.568266667	1.097	13.73466667	1.68552
14/12/1990	5.187033333	4.129333333	12.562	1.625746667
15/12/1990	4.633533333	18.066	14.732	1.577746667
16/12/1990	3.637533333	12.608	18.76466667	1.487293333
17/12/1990	2.0178	12.099	20.00966667	1.537706667
18/12/1990	4.201	10.11666667	20.40366667	1.502386667
19/12/1990	5.126533333	8.422333333	22.84566667	1.529853333
20/12/1990	2.9012	0.149333333	19.557	1.762546667
21/12/1990	3.7926	-0.085666667	11.77933333	2.360853333
22/12/1990	2.5669	4.566	15.761	3.3672
23/12/1990	3.020133333	0.327333333	13.31866667	4.78684
24/12/1990	2.514833333	7.940666667	14.98733333	5.879426667
25/12/1990	4.027266667	6.040666667	14.22466667	6.860213333
26/12/1990	2.430833333	3.866666667	16.38166667	7.752893333
27/12/1990	3.104966667	5.630333333	18.881	8.302106667
28/12/1990	1.961766667	5.511333333	17.55866667	8.160506667
29/12/1990	4.6821	0.105333333	17.14066667	8.161
30/12/1990	5.567133333	0.306666667	15.19533333	8.345316667
31/12/1990	6.5851	6.048666667	15.52133333	8.155955556
